robot, 1, 0, 0, 0, 0, 1, 0, 0, 0, 0, 1, 0, 0, 0, 0, 1
silvia2robot,-0.2595,-0.9657,0,-366.20, 0.9657,-0.2595,0,-389.80, 0,0,1.0000,341.38, 0, 0, 0, 1
grinder2robot,-0.3802, -0.9249, 0, 482.29, 0.9249, -0.3802, 0, -433.74, 0, 0, 1.0000, 314.13, 0, 0, 0, 1
scraper2robot, 0.5138, 0.8579, 0, 599.13, -0.8579, 0.5138, 0, 0, 0, 0, 1.0000, 211.07, 0, 0, 0, 1
